M3 Wavelengths (µm)	M3t augite spliced	M3t Augite WS592 BECKb	M3t Augite WS592 NIC4cc	M3t Orthoclase spliced	M3t Orthoclase NMNH142137 BECKb	M3t Orthoclase NMNH142137 NIC4bb	M3t Pigeonite HS199.1B ASDFRb	M3t Pigeonite HS199.2B ASDFRc	M3t Pigeonite HS199.3B ASDFRc	M3t Pigeonite HS199.4B ASDFRd	M3t Pigeonite HS199.3B BECKc	M3t Pigeonite HS199.3B NIC4cc
0.44602		0.20732			0.69172		0.27139	0.24948	0.15724	0.11529	0.14975	
0.456		0.21457			0.70232		0.27588	0.25499	0.16016	0.11695	0.15281	
0.46598		0.22207			0.70981		0.28015	0.26008	0.16276	0.11838	0.15594	
0.47596		0.23059			0.71523		0.28387	0.26458	0.165	0.11968	0.15711	
0.48595		0.24085			0.71976		0.28725	0.26873	0.16707	0.12079	0.15965	
0.49593		0.25266			0.72409		0.29055	0.27278	0.16912	0.12186	0.16171	
0.50591		0.26508			0.72851		0.29319	0.27653	0.17102	0.12289	0.16277	
0.51589		0.27942			0.73275		0.29638	0.28114	0.17358	0.12424	0.16514	
0.52587		0.29267			0.73701		0.29956	0.28575	0.17616	0.12553	0.16758	
0.53585		0.30217			0.74111		0.30178	0.28906	0.17794	0.12632	0.16962	
0.54583		0.30952			0.74417		0.3034	0.29141	0.17919	0.12683	0.17081	
0.55581		0.31532			0.74628		0.30515	0.29379	0.18042	0.12728	0.1716	
0.56579		0.31828			0.74897		0.30695	0.29616	0.18164	0.12768	0.17319	
0.57577		0.31822			0.75155		0.30838	0.29789	0.18244	0.12781	0.17456	
0.58576		0.31708			0.75372		0.30958	0.29919	0.18299	0.1278	0.17544	
0.59574		0.31429			0.75527		0.31063	0.30038	0.18348	0.12779	0.17592	
0.60572		0.31159			0.75689		0.31157	0.30128	0.18391	0.12765	0.17627	
0.6157		0.30837			0.75874		0.31254	0.30198	0.18435	0.1276	0.17694	
0.62568		0.30562			0.76066		0.31337	0.30299	0.18462	0.12748	0.17752	
0.63566		0.30478			0.76227		0.31421	0.30392	0.18491	0.12732	0.17802	
0.64564		0.3056			0.76371		0.31498	0.30475	0.18526	0.12725	0.17793	
0.65562		0.30607			0.76533		0.31581	0.30561	0.18564	0.12717	0.17831	
0.6656		0.30886			0.76724		0.31666	0.30649	0.18606	0.12716	0.17879	
0.67558		0.313			0.76819		0.3175	0.30739	0.18652	0.12717	0.17957	
0.68556		0.3169			0.76985		0.31829	0.30833	0.18698	0.1272	0.18027	
0.69555		0.32016			0.77169		0.31916	0.30935	0.18747	0.12728	0.18135	
0.70553		0.32567			0.77281		0.31999	0.31035	0.18795	0.12736	0.18228	
0.71551		0.33199			0.77385		0.32086	0.31138	0.18843	0.12746	0.18287	
0.72549		0.33821			0.77484		0.32173	0.31245	0.18884	0.12752	0.18378	
0.73547		0.34384			0.7761		0.32252	0.31347	0.18917	0.12756	0.18441	
0.74545		0.34924			0.77727		0.32316	0.31441	0.18938	0.12756	0.18517	
0.75543		0.3542			0.77845		0.32381	0.31523	0.18944	0.12748	0.18523	
0.76541		0.35798			0.77904		0.32439	0.31585	0.18931	0.12731	0.18524	
0.77539		0.36181			0.78041		0.32466	0.31613	0.18886	0.12699	0.18537	
0.78537		0.36632			0.78159		0.32466	0.316	0.18812	0.12652	0.18523	
0.79536		0.37			0.78242		0.32424	0.31525	0.18703	0.12586	0.18463	
0.80534		0.37334			0.78381		0.32338	0.31378	0.18559	0.12505	0.18393	
0.81532		0.37627			0.78431		0.32188	0.31155	0.18388	0.12407	0.18266	
0.8253		0.37921			0.78465		0.31975	0.30867	0.18195	0.12298	0.18021	
0.83528		0.37976			0.78451		0.31701	0.30522	0.17988	0.12185	0.17612	
0.84526		0.37947			0.78598		0.31374	0.30142	0.17782	0.12067	0.17247	
0.85524		0.37356			0.78732		0.31	0.29739	0.1758	0.11947	0.17305	
0.86522		0.36852			0.78749		0.30595	0.29325	0.17388	0.11834	0.17456	
0.8752		0.36275			0.78669		0.3017	0.28923	0.1721	0.11729	0.17147	
0.88518		0.35128			0.78884		0.29753	0.28541	0.17045	0.11629	0.16747	
0.89517		0.34031			0.78984		0.29362	0.28199	0.16899	0.11539	0.16561	
0.90515		0.32817			0.78729		0.29004	0.27907	0.16771	0.11457	0.16269	
0.91513		0.32129			0.78755		0.28717	0.2767	0.16668	0.11389	0.16136	
0.92511		0.30898			0.78636		0.28501	0.27492	0.16584	0.11327	0.1608	
0.93509		0.29885			0.78624		0.28357	0.27376	0.16519	0.11272	0.15725	
0.94507		0.28407			0.78512		0.28291	0.27322	0.16471	0.1123	0.15709	
0.95505		0.27366			0.78414		0.28307	0.27318	0.16435	0.11192	0.15521	
0.96503		0.26452			0.78749		0.2839	0.27372	0.16417	0.11156	0.15658	
0.97501		0.25708			0.78674		0.28533	0.2748	0.16412	0.11128	0.15456	
0.98499		0.25124			0.78541		0.28711	0.27633	0.16419	0.11105	0.15486	
0.99497		0.2465			0.78276		0.28898	0.27808	0.16432	0.11086	0.15403	
1.005		0.2419			0.78241		0.29101	0.28011	0.16449	0.11057	0.15363	
1.0149		0.23985			0.78252		0.29266	0.2824	0.16334	0.10985	0.15332	
1.0249		0.23917			0.78239		0.29509	0.28499	0.1643	0.11	0.1554	
1.0349		0.24124			0.783		0.29685	0.28763	0.1643	0.10951	0.15565	
1.0449		0.24526			0.78158		0.30013	0.29134	0.16642	0.1106	0.15661	
1.0549		0.25063			0.78186		0.3026	0.29505	0.16763	0.1107	0.15732	
1.0648		0.25771			0.78084		0.30536	0.29893	0.16866	0.11061	0.15857	
1.0748		0.26506			0.77924		0.30865	0.30318	0.17033	0.11122	0.15887	
1.0848		0.27497			0.7781		0.31161	0.30757	0.1718	0.11142	0.15944	
1.0948		0.28448			0.77814		0.31467	0.31211	0.17375	0.11225	0.16249	
1.1048		0.29499			0.77661		0.3175	0.31646	0.17591	0.11315	0.16432	
1.1148		0.30794			0.7765		0.31984	0.32057	0.17779	0.11363	0.16574	
1.1247		0.32073			0.77531		0.32199	0.32441	0.17977	0.11448	0.16717	
1.1347		0.33167			0.77361		0.32329	0.32717	0.181	0.11471	0.16858	
1.1447		0.34069			0.77308		0.32493	0.33013	0.18276	0.11543	0.16928	
1.1547		0.35174			0.77312		0.32568	0.33232	0.18414	0.11608	0.17169	
1.1647		0.36223			0.77079		0.32654	0.3344	0.18543	0.11662	0.17213	
1.1746		0.37128			0.77102		0.32697	0.3362	0.18645	0.11704	0.17334	
1.1846		0.37889			0.77117		0.32744	0.33788	0.18751	0.11748	0.1743	
1.1946		0.38434			0.7702		0.3277	0.33926	0.18841	0.11776	0.17443	
1.2046		0.39131			0.76914		0.32799	0.34086	0.18956	0.11823	0.17604	
1.2146		0.39902			0.76863		0.3283	0.34232	0.19057	0.11882	0.17706	
1.2245		0.40348			0.76805		0.32835	0.34376	0.19154	0.11929	0.17812	
1.2345		0.40956			0.76769		0.32842	0.34513	0.1926	0.11987	0.17913	
1.2445		0.41465			0.76772		0.32892	0.34663	0.19374	0.12058	0.18031	
1.2545		0.42095			0.76809		0.32931	0.34821	0.19483	0.12103	0.18073	
1.2645		0.42519			0.76804		0.32955	0.34982	0.1961	0.12169	0.18233	
1.2744		0.43025			0.76837		0.32964	0.35103	0.1972	0.12233	0.18438	
1.2844		0.43546			0.76824		0.33005	0.35244	0.19838	0.12294	0.18461	
1.2944		0.43964			0.76859		0.33018	0.35375	0.19957	0.12356	0.18528	
1.3044		0.44481			0.76863		0.33023	0.35506	0.20083	0.12423	0.18741	
1.3144		0.4512			0.76931		0.33055	0.35646	0.20226	0.12506	0.18854	
1.3244		0.45443			0.76891		0.33081	0.35767	0.20354	0.12572	0.18952	
1.3343		0.4577			0.76991		0.33077	0.35902	0.2048	0.12639	0.18996	
1.3443		0.46259			0.76938		0.3308	0.36019	0.20601	0.1272	0.19168	
1.3543		0.46555			0.76916		0.33112	0.36148	0.20752	0.12796	0.19263	
1.3643		0.47103			0.77082		0.33147	0.36291	0.20899	0.12896	0.19381	
1.3743		0.47539			0.77179		0.33153	0.36397	0.21017	0.12955	0.19497	
1.3842		0.47602			0.77208		0.33163	0.36454	0.21072	0.12967	0.19619	
1.3942		0.48029			0.77378		0.33134	0.36442	0.21032	0.12881	0.1957	
1.4042		0.48404			0.773		0.3314	0.36434	0.20995	0.12761	0.19452	
1.4142		0.48682			0.77459		0.33147	0.36576	0.21121	0.12797	0.19619	
1.4242		0.49318			0.77672		0.33176	0.36718	0.21352	0.13036	0.19876	
1.4341		0.49664			0.77716		0.33202	0.36834	0.21511	0.13199	0.20061	
1.4441		0.50186			0.77857		0.33196	0.3693	0.21615	0.13273	0.20176	
1.4541		0.50632			0.77966		0.33197	0.37004	0.21712	0.13333	0.20264	
1.4641		0.51102			0.7808		0.33216	0.3706	0.21786	0.13358	0.20397	
1.4741		0.51444			0.78136		0.33209	0.37109	0.21823	0.13364	0.20329	
1.484		0.5188	0.4907		0.78337		0.33179	0.37162	0.21875	0.134	0.20377	
1.494		0.52371	0.49345		0.78324		0.33166	0.37228	0.21946	0.13483	0.20498	
1.504		0.52628	0.49711		0.78328		0.33147	0.37255	0.21978	0.13527	0.20453	
1.514		0.52868	0.50066		0.78524		0.33141	0.37305	0.22015	0.13559	0.20488	
1.524		0.53187	0.50372		0.78659		0.33129	0.37319	0.22019	0.13561	0.20429	
1.534		0.53531	0.50684		0.78728		0.33108	0.37362	0.22022	0.13564	0.20439	
1.5439		0.54038	0.51033		0.78776		0.331	0.37355	0.22021	0.13568	0.20626	
1.5539		0.5429	0.51403		0.78893		0.33089	0.37373	0.22007	0.13572	0.20443	
1.5639		0.54537	0.51771		0.7905		0.33042	0.37392	0.21972	0.13562	0.20531	
1.5739		0.54606	0.52101		0.78978		0.32996	0.37378	0.21942	0.13542	0.20432	
1.5839		0.54746	0.52371		0.79213		0.32984	0.37342	0.21911	0.13524	0.20362	
1.5938		0.55051	0.526		0.79146		0.32935	0.37319	0.21849	0.13493	0.20327	
1.6038		0.55186	0.52844		0.79138		0.32908	0.37261	0.21777	0.13454	0.20365	
1.6138		0.55381	0.53106		0.79229		0.32865	0.37212	0.21711	0.13419	0.2017	
1.6238		0.55461	0.53358		0.79279		0.32819	0.37171	0.21645	0.13395	0.20042	
1.6338		0.55336	0.5358		0.79246		0.32777	0.37126	0.21567	0.13348	0.20003	
1.6437		0.55516	0.53753		0.79404		0.3272	0.37063	0.21477	0.13294	0.19988	
1.6537		0.55445	0.53868		0.79408		0.32672	0.36987	0.21401	0.13247	0.19813	
1.6637		0.55606	0.53956		0.79564		0.32631	0.36905	0.21318	0.13202	0.19831	
1.6737		0.55539	0.5405		0.79313		0.32576	0.36841	0.21224	0.13156	0.19616	
1.6837		0.55572	0.54141		0.79215		0.32516	0.36764	0.21128	0.13106	0.19642	
1.6936		0.55371	0.54221		0.79593		0.32484	0.36708	0.21045	0.13057	0.19409	
1.7036		0.55442	0.54255		0.80067		0.3244	0.36648	0.20961	0.13014	0.19524	
1.7136		0.55583	0.54254		0.79789		0.324	0.36551	0.20851	0.12964	0.19448	
1.7236		0.55418	0.54226		0.79893		0.32336	0.3645	0.20749	0.12905	0.19244	
1.7336		0.55232	0.54153		0.79721		0.32273	0.36363	0.20649	0.12862	0.18959	
1.7436		0.55066	0.54089		0.79863		0.32185	0.3624	0.20532	0.12791	0.19094	
1.7535		0.54816	0.54019		0.79902		0.32149	0.36145	0.20455	0.12748	0.18979	
1.7635		0.54468	0.5393		0.79763		0.32097	0.36059	0.20362	0.12697	0.18947	
1.7735		0.54526	0.53818		0.80035		0.32044	0.35968	0.20285	0.12655	0.18882	
1.7835		0.53906	0.5367		0.80048		0.32039	0.35873	0.20218	0.12621	0.18866	
1.7935		0.53725	0.53491		0.79963		0.32011	0.35785	0.20127	0.12568	0.18574	
1.8034		0.5344	0.5328		0.79889		0.31939	0.35706	0.20058	0.12531	0.1849	
1.8134		0.52883	0.53039		0.79976		0.31886	0.35619	0.19996	0.1251	0.18525	
1.8234		0.52711	0.52799		0.799		0.31822	0.35557	0.19936	0.12463	0.18552	
1.8334		0.52486	0.52536		0.80002		0.31798	0.35503	0.19875	0.12447	0.18346	
1.8434		0.52196	0.52284		0.80132		0.31783	0.35417	0.19822	0.12435	0.18072	
1.8533		0.5177	0.52048		0.80162		0.31748	0.35318	0.19743	0.12384	0.18229	
1.8633		0.51255	0.51744		0.80032		0.31713	0.35244	0.19687	0.12363	0.18106	
1.8733		0.50143	0.51331		0.80009		0.31665	0.35172	0.19609	0.12311	0.18165	
1.8833		0.49523	0.50918		0.79903		0.31571	0.35052	0.19503	0.12229	0.18017	
1.8933		0.48033	0.50287		0.79649		0.31541	0.34958	0.19385	0.12123	0.17776	
1.9032		0.46655	0.49649		0.79806		0.31479	0.34765	0.19225	0.12004	0.1752	0.17519
1.9132		0.46036	0.49329		0.79843		0.31417	0.34622	0.19101	0.11894	0.17815	0.17472
1.9232		0.46156	0.49166		0.79868		0.31335	0.34545	0.19055	0.1185	0.17558	0.17468
1.9332		0.46038	0.49001		0.79927		0.31277	0.34537	0.19028	0.11851	0.17521	0.17487
1.9432		0.45579	0.48795		0.79592		0.31262	0.34523	0.19011	0.11852	0.17645	0.17491
1.9532		0.45228	0.48535		0.79781		0.31283	0.34515	0.19007	0.11863	0.17566	0.1749
1.9631		0.45421	0.48218		0.80162		0.31259	0.34461	0.19006	0.11864	0.17503	0.17504
1.9731		0.45326	0.4788		0.80171	0.80836	0.31268	0.34419	0.18978	0.11861	0.17379	0.17513
1.9831		0.44649	0.47558		0.80359	0.80854	0.31247	0.34407	0.1898	0.11849	0.1772	0.17516
1.9931		0.44212	0.47235		0.80408	0.80881	0.31234	0.344	0.18999	0.11856	0.17566	0.1752
2.0031		0.43828	0.46927		0.80529	0.80928	0.31262	0.34459	0.1903	0.11861	0.17479	0.1753
2.013		0.43732	0.4665		0.80404	0.81009	0.31286	0.34488	0.19059	0.11892	0.17661	0.17547
2.023		0.43517	0.46372		0.80391	0.81123	0.3131	0.34536	0.19062	0.11918	0.17655	0.17566
2.033		0.43083	0.4608		0.80715	0.8123	0.31358	0.34613	0.19102	0.11939	0.17679	0.17594
2.043		0.42923	0.4578		0.80653	0.81317	0.31397	0.34636	0.19127	0.11943	0.17635	0.17609
2.053		0.42741	0.45459		0.80654	0.81382	0.31458	0.34725	0.19159	0.11963	0.17779	0.17637
2.0629		0.42141	0.45106		0.80766	0.8141	0.31546	0.34796	0.19217	0.1198	0.17654	0.17663
2.0729		0.41951	0.44741		0.80715	0.81404	0.31595	0.34838	0.19264	0.11989	0.17318	0.1767
2.0829		0.41457	0.44378		0.80802	0.81381	0.31672	0.34973	0.19305	0.11997	0.17386	0.17681
2.0929		0.4107	0.44025		0.80718	0.81356	0.3169	0.35002	0.19316	0.11994	0.17416	0.17699
2.1029		0.40704	0.43702		0.80904	0.81343	0.31748	0.35076	0.19347	0.11998	0.17625	0.17723
2.1128		0.4043	0.43393		0.81047	0.81367	0.31764	0.35122	0.19369	0.11989	0.17684	0.17739
2.1228		0.40246	0.43013		0.81686	0.81415	0.31767	0.35177	0.19404	0.11977	0.17654	0.17767
2.1328		0.39735	0.42622		0.81846	0.81485	0.31787	0.35212	0.19404	0.11955	0.18035	0.17796
2.1428		0.39359	0.42254		0.81655	0.81559	0.31808	0.35225	0.19434	0.11961	0.1806	0.17815
2.1528		0.39315	0.41936		0.814	0.81617	0.31824	0.35266	0.19445	0.11948	0.17876	0.17858
2.1628		0.3887	0.41614		0.81224	0.81655	0.31873	0.3534	0.1945	0.11908	0.17618	0.17891
2.1727		0.38533	0.41294		0.80977	0.81655	0.31888	0.3539	0.19459	0.11824	0.17905	0.17904
2.1827		0.38121	0.40981		0.80567	0.81607	0.31914	0.35404	0.19409	0.11681	0.17921	0.17897
2.1927		0.37611	0.40681		0.80762	0.81536	0.31952	0.35426	0.19345	0.11529	0.17679	0.17893
2.2027		0.37422	0.40407		0.80462	0.81457	0.32046	0.35528	0.19371	0.11482	0.17643	0.17904
2.2127		0.37313	0.40132		0.80262	0.81395	0.32114	0.35629	0.19471	0.11544	0.17924	0.17941
2.2226		0.37168	0.39838		0.80232	0.81357	0.32113	0.35698	0.19542	0.11631	0.18093	0.17992
2.2326		0.36715	0.39532		0.8019	0.81341	0.32124	0.35749	0.19614	0.11675	0.1794	0.1804
2.2426		0.36571	0.39235		0.8053	0.81358	0.32129	0.35824	0.19672	0.11746	0.18066	0.18072
2.2526		0.36323	0.38986		0.80218	0.81404	0.32226	0.35897	0.19736	0.11783	0.18185	0.18102
2.2626		0.36126	0.38732		0.80424	0.81459	0.32285	0.35958	0.19812	0.1183	0.18253	0.18141
2.2725		0.36011	0.38466		0.80744	0.81498	0.32353	0.36071	0.1989	0.11857	0.17983	0.18201
2.2825		0.36132	0.38201		0.80427	0.81524	0.32402	0.36189	0.19936	0.11862	0.17969	0.1823
2.2925		0.34966	0.37966		0.80145	0.81502	0.32384	0.36181	0.19913	0.11819	0.18153	0.18245
2.3025		0.34997	0.37781		0.80554	0.81446	0.32411	0.36121	0.19887	0.11769	0.17967	0.18248
2.3125		0.35345	0.37631		0.80941	0.81426	0.32481	0.36116	0.19834	0.11654	0.18195	0.18249
2.3224		0.35329	0.37557		0.81207	0.81394	0.3257	0.36233	0.19785	0.11482	0.18287	0.18257
2.3324		0.35507	0.37561		0.80996	0.81331	0.32609	0.36243	0.19729	0.11298	0.18113	0.18288
2.3424		0.3587	0.37608		0.80704	0.81259	0.32654	0.3628	0.1972	0.11228	0.17878	0.18358
2.3524		0.3592	0.37659		0.81087	0.81213	0.32708	0.36381	0.19805	0.11231	0.18327	0.18463
2.3624		0.35804	0.37689		0.81372	0.81212	0.32778	0.36579	0.20009	0.11364	0.18505	0.18564
2.3724		0.36419	0.37693		0.81491	0.81228	0.32787	0.36694	0.20145	0.11578	0.18559	0.18668
2.3823		0.36245	0.37696		0.81499	0.81282	0.32762	0.36769	0.20229	0.11628	0.19224	0.18765
2.3923		0.36115	0.37728		0.81483	0.81335	0.32825	0.36865	0.20334	0.11662	0.19404	0.18867
2.4023		0.36599	0.37822		0.81472	0.81398	0.32823	0.36962	0.20452	0.11713	0.19086	0.18964
2.4123		0.36732	0.37924		0.81318	0.81445	0.32946	0.37038	0.20523	0.11807	0.19007	0.19078
2.4223		0.36772	0.38025		0.81167	0.81443	0.32969	0.37145	0.20638	0.1181	0.19144	0.19178
2.4322		0.36903	0.38137		0.8108	0.81405	0.32993	0.37199	0.20726	0.11829	0.19342	0.19271
2.4422		0.37159	0.38275		0.8097	0.81356	0.3311	0.3732	0.2084	0.11926	0.19498	0.19379
2.4522		0.37509	0.38435		0.80821	0.81276	0.32988	0.3732	0.20862	0.11814	0.19513	0.1948
2.4622		0.37895	0.38595		0.80735	0.81174	0.3297	0.3731	0.20969	0.11858	0.19518	0.19585
2.4722		0.38256	0.38786		0.80824	0.81072	0.32907	0.37476	0.2104	0.11912	0.19666	0.19685
2.4821		0.38571	0.38977		0.81051	0.80983	0.33053	0.37365	0.21226	0.11953	0.19948	0.19796
2.4921		0.38855	0.39155		0.81263	0.80898	0.33177	0.37508	0.21338	0.11985	0.20229	0.19907
2.5021		0.39123	0.39331		0.8131	0.80846					0.20375	0.20006
2.5121		0.39378	0.39515		0.81181	0.80822					0.20377	0.20112
2.5221		0.39615	0.3973		0.80978	0.80838					0.20327	0.20202
2.532		0.39831	0.39942		0.80804	0.80878					0.20321	0.20315
2.542		0.40045	0.40163		0.80703	0.80939					0.204	0.20452
2.552		0.40309	0.40381		0.80639	0.80977					0.20535	0.20578
2.562		0.40681	0.40546		0.80568	0.80907					0.20691	0.20765
2.572		0.41179	0.40747		0.80467	0.80917					0.20843	0.20882
2.5819		0.41739	0.40926		0.80359	0.80866					0.20986	0.21015
2.5919		0.42284	0.41037		0.80274	0.80674					0.21117	0.21207
2.6019		0.42757	0.41266		0.80242	0.80691					0.21233	0.21254
2.6119		0.43184	0.41478		0.80287	0.80693					0.21333	0.21277
2.6219		0.43614	0.41631		0.80433	0.80597					0.21411	0.21343
2.6319		0.44062	0.41778		0.80685	0.80567					0.21468	0.21349
2.6418		0.44283	0.41908		0.80908	0.80618					0.21527	0.21268
2.6518		0.4391	0.41792		0.80899	0.80405					0.21626	0.21292
2.6618		0.42592	0.41367		0.80467	0.79945					0.21789	0.21406
2.6718		0.40222	0.4044		0.79625	0.79569					0.21845	0.21343
2.6818		0.36888	0.37968		0.78544	0.79532					0.21469	0.20794
2.6917		0.32689	0.32124		0.77398	0.7878					0.20337	0.20126
2.7017		0.27934	0.24736		0.76176	0.7745					0.18421	0.1906
2.7117		0.23218	0.20247		0.7462	0.76573					0.16093	0.16966
2.7217		0.19151	0.19148		0.72456	0.75699					0.13749	0.14024
2.7317		0.16138	0.1843		0.69617	0.74704					0.11709	0.11991
2.7416		0.14099	0.17546		0.66517	0.73275					0.10106	0.11038
2.7516		0.12887	0.17018		0.63634	0.71937					0.090495	0.1048
2.7616		0.12348	0.16916		0.61381	0.70599					0.085831	0.10279
2.7716		0.12305	0.17071		0.59886	0.69977					0.084808	0.10327
2.7816		0.12574	0.17243		0.59203	0.69382					0.084471	0.10441
2.7916		0.12978	0.17392		0.5933	0.68822					0.082256	0.10536
2.8015		0.13384	0.17548		0.59803	0.68266					0.078543	0.10579
2.8115		0.13682	0.1776		0.59954	0.67802					0.075067	0.10582
2.8215		0.13769	0.17996		0.59165	0.67352					0.07349	0.10577
2.8315		0.13659	0.18259		0.57673	0.66933					0.07425	0.1059
2.8414		0.13453	0.18496		0.56383	0.66564					0.076822	0.10601
2.8514		0.13274	0.18689		0.56147	0.66241					0.080227	0.10582
2.8614		0.13133	0.18822		0.571	0.65981					0.084454	0.10543
2.8714		0.13029	0.18906		0.5846	0.6577					0.087911	0.10526
2.8814		0.12933	0.18954		0.59245	0.65621					0.08929	0.1055
2.8914		0.12839	0.18992		0.58851	0.65506					0.087804	0.10559
2.9013		0.12806	0.19074		0.57824	0.65438					0.084249	0.10572
2.9113		0.1291	0.19189		0.56927	0.65401					0.079717	0.10575
2.9213		0.13194	0.19315		0.56781	0.65375					0.075402	0.10603
2.9313		0.13541	0.1947		0.57236	0.6538					0.073053	0.10643
2.9413		0.13783	0.19625		0.5788	0.65395					0.074608	0.10723
2.9513		0.13763	0.19796		0.58333	0.65428					0.081782	0.10831
2.9612		0.13488	0.19976		0.58518	0.65474					0.09396	0.10957
2.9712		0.13059	0.20171		0.58541	0.65542					0.10915	0.11123
2.9812			0.20385			0.65604						0.11294
2.9912			0.20615			0.65682						0.11487