Wavelength (µm)	Pigeonite hs199 spliced
0.301100	0.066997
0.305100	0.071523
0.309100	0.077046
0.313100	0.079934
0.317100	0.087208
0.321100	0.089264
0.325100	0.094608
0.329100	0.097637
0.333100	0.101027
0.337100	0.103581
0.341100	0.107473
0.345100	0.107436
0.349100	0.109603
0.353100	0.113135
0.357100	0.115178
0.360600	0.117811
0.363600	0.118292
0.366600	0.120078
0.369600	0.120881
0.372600	0.123590
0.375600	0.125011
0.378600	0.124909
0.381100	0.127752
0.383100	0.127560
0.385100	0.128903
0.387100	0.130385
0.389100	0.132452
0.391100	0.133661
0.393100	0.133791
0.395100	0.134751
0.397100	0.133492
0.399100	0.135575
0.401100	0.137636
0.403100	0.136558
0.405100	0.140101
0.407100	0.138460
0.409100	0.139194
0.411100	0.139974
0.412800	0.140324
0.415800	0.142064
0.418800	0.141129
0.421800	0.144358
0.424800	0.143867
0.427800	0.143594
0.430800	0.145448
0.433800	0.146181
0.436800	0.147300
0.439800	0.148405
0.442800	0.150081
0.445800	0.148846
0.448800	0.150780
0.451300	0.150082
0.453300	0.150321
0.455300	0.153714
0.457300	0.154082
0.459300	0.152983
0.461300	0.156350
0.463300	0.153860
0.465300	0.156979
0.467300	0.157923
0.469300	0.156174
0.471300	0.156178
0.473300	0.157505
0.475300	0.155549
0.477300	0.157989
0.479300	0.156233
0.481300	0.156958
0.483300	0.160891
0.485300	0.158298
0.487300	0.161257
0.489300	0.160121
0.491300	0.161745
0.493300	0.162463
0.495300	0.159938
0.497300	0.162902
0.499300	0.162209
0.501300	0.161503
0.503300	0.164293
0.505300	0.161683
0.507300	0.162422
0.509300	0.161305
0.511300	0.163994
0.513300	0.165809
0.515300	0.165180
0.517300	0.166600
0.519300	0.163972
0.521300	0.165980
0.523300	0.168660
0.525300	0.167238
0.527300	0.169375
0.529300	0.167370
0.531300	0.167299
0.533300	0.169237
0.535300	0.169784
0.537300	0.171222
0.539300	0.169726
0.541300	0.171732
0.543300	0.170060
0.545300	0.170052
0.547300	0.171583
0.549300	0.170675
0.551300	0.171256
0.553300	0.171164
0.555300	0.172894
0.557300	0.170987
0.559300	0.171702
0.561300	0.170005
0.563300	0.174516
0.565300	0.172108
0.567300	0.174276
0.569300	0.173623
0.571300	0.174707
0.573300	0.176139
0.575300	0.173605
0.577300	0.175219
0.579300	0.173548
0.581300	0.173030
0.583300	0.177534
0.585300	0.176615
0.587300	0.173193
0.589300	0.176095
0.591300	0.177501
0.593300	0.176629
0.595300	0.173661
0.597300	0.177578
0.599300	0.175684
0.601100	0.174880
0.602700	0.176104
0.604300	0.175577
0.605900	0.176271
0.607500	0.176608
0.609100	0.177811
0.610700	0.176164
0.612300	0.176896
0.613900	0.176054
0.615500	0.178135
0.617100	0.175013
0.618700	0.177828
0.620300	0.179210
0.621900	0.175524
0.623500	0.176647
0.625100	0.179530
0.626700	0.177202
0.628300	0.177005
0.629900	0.176948
0.631700	0.178470
0.633700	0.178286
0.635700	0.177796
0.637700	0.179267
0.639700	0.178350
0.641700	0.177080
0.643700	0.175831
0.645700	0.180298
0.647700	0.177393
0.649700	0.177962
0.651700	0.177052
0.653700	0.179357
0.655700	0.178511
0.657700	0.177373
0.659700	0.179246
0.661700	0.178942
0.663700	0.177793
0.665700	0.178641
0.667700	0.179802
0.670200	0.178487
0.673200	0.179276
0.676200	0.179829
0.679200	0.179812
0.682200	0.180623
0.685200	0.179853
0.688200	0.180276
0.691200	0.181000
0.694200	0.180004
0.697200	0.181538
0.700200	0.183409
0.702000	0.183196
0.704000	0.182676
0.706000	0.182374
0.708000	0.181446
0.710000	0.181745
0.712000	0.181642
0.714000	0.182055
0.716000	0.183190
0.718000	0.183986
0.720000	0.184698
0.722000	0.183028
0.724000	0.183441
0.726000	0.183511
0.728000	0.184904
0.730000	0.183072
0.732000	0.184701
0.734000	0.182180
0.736000	0.185994
0.738000	0.186437
0.740000	0.183127
0.742000	0.183792
0.744000	0.185233
0.746000	0.186424
0.748000	0.185552
0.750500	0.185391
0.753500	0.185281
0.756500	0.185583
0.759500	0.184782
0.762500	0.184501
0.765500	0.184081
0.768500	0.187947
0.771500	0.184323
0.774500	0.185978
0.777500	0.185518
0.781000	0.183993
0.785000	0.186326
0.789000	0.184652
0.793000	0.185580
0.797000	0.184411
0.801500	0.183175
0.806500	0.184469
0.811500	0.183912
0.816500	0.182263
0.822000	0.180918
0.828000	0.179894
0.835000	0.176178
0.851000	0.171975
0.859000	0.174073
0.871000	0.173310
0.883000	0.167971
0.894000	0.165944
0.904000	0.163066
0.914000	0.160929
0.924000	0.162061
0.933000	0.156285
0.941000	0.158442
0.949000	0.155599
0.957000	0.154798
0.964000	0.158281
0.970000	0.154667
0.976000	0.154377
0.982000	0.154384
0.988000	0.155564
0.994000	0.154103
1.000000	0.152978
1.006000	0.154258
1.012000	0.152877
1.018000	0.152976
1.023500	0.156354
1.028500	0.155117
1.033500	0.157206
1.038500	0.153461
1.043500	0.157347
1.048500	0.157652
1.053500	0.155440
1.058500	0.159110
1.063500	0.158845
1.068500	0.158094
1.073500	0.158666
1.078500	0.159907
1.083500	0.157460
1.088500	0.160941
1.093500	0.162407
1.098500	0.162947
1.103500	0.166158
1.108500	0.162555
1.113500	0.165415
1.118500	0.167979
1.123500	0.165647
1.128500	0.168482
1.133500	0.168449
1.138500	0.168860
1.143500	0.169409
1.148500	0.168443
1.153500	0.173041
1.158500	0.172166
1.163500	0.171342
1.168500	0.172860
1.173500	0.172937
1.178500	0.174014
1.183500	0.174687
1.188500	0.174274
1.193500	0.173466
1.198500	0.175587
1.203500	0.175044
1.208500	0.177689
1.213500	0.176854
1.218500	0.176804
1.223500	0.178245
1.228500	0.178851
1.233500	0.178256
1.238500	0.180209
1.243500	0.180669
1.248500	0.179933
1.253500	0.181008
1.258500	0.180295
1.263500	0.183076
1.268500	0.182017
1.273500	0.185377
1.278500	0.184688
1.283500	0.184701
1.288500	0.184369
1.293500	0.184462
1.298500	0.186607
1.303500	0.187073
1.308500	0.188592
1.313500	0.188091
1.318500	0.188943
1.323500	0.189957
1.328500	0.189349
1.333500	0.190078
1.338500	0.189482
1.343500	0.193048
1.348500	0.191238
1.353500	0.192668
1.358500	0.193168
1.363500	0.194216
1.368500	0.193219
1.373500	0.196407
1.378500	0.194000
1.383500	0.196095
1.388500	0.198207
1.393500	0.195180
1.398500	0.194970
1.403500	0.193995
1.408500	0.194252
1.413500	0.196892
1.418500	0.196278
1.423500	0.198587
1.428500	0.200747
1.433500	0.200390
1.438500	0.200459
1.443500	0.203530
1.448500	0.200152
1.453500	0.202461
1.458500	0.204178
1.463500	0.205085
1.468500	0.202505
1.473500	0.203492
1.478500	0.203347
1.483500	0.203245
1.488500	0.204475
1.493500	0.205786
1.498500	0.204411
1.503500	0.205344
1.508500	0.202957
1.513500	0.205580
1.518500	0.205744
1.523500	0.203121
1.528500	0.205105
1.534000	0.202129
1.540000	0.208300
1.546000	0.205897
1.552000	0.203454
1.558000	0.204971
1.564000	0.205712
1.570500	0.204836
1.577500	0.203710
1.584500	0.203544
1.591500	0.203678
1.598500	0.202614
1.605500	0.204658
1.612500	0.201575
1.619500	0.200686
1.626500	0.200219
1.633500	0.199918
1.640500	0.200198
1.647500	0.199747
1.654500	0.196941
1.661500	0.199702
1.668500	0.196699
1.676000	0.195775
1.684000	0.197300
1.692000	0.193234
1.700000	0.195208
1.708000	0.195256
1.716000	0.194152
1.724000	0.192795
1.732000	0.188650
1.740000	0.190962
1.748000	0.190888
1.756000	0.189168
1.764000	0.189727
1.772000	0.188800
1.780000	0.188673
1.788000	0.188548
1.796000	0.184113
1.805000	0.185358
1.815000	0.185084
1.825000	0.185697
1.835000	0.182893
1.845000	0.180297
1.855000	0.182877
1.865000	0.180461
1.875000	0.182114
1.885000	0.179580
1.895000	0.177423
1.905000	0.174679
1.915000	0.179187
1.925000	0.174379
1.935000	0.175723
1.945000	0.176504
1.955000	0.175437
1.965000	0.174946
1.975000	0.173504
1.985000	0.178306
1.995000	0.174645
2.005000	0.175088
2.015000	0.176954
2.025000	0.176379
2.035000	0.176944
2.045000	0.176157
2.055000	0.178327
2.065000	0.175834
2.075000	0.172553
2.085000	0.174366
2.095000	0.174001
2.105000	0.177019
2.115000	0.176583
2.125000	0.176666
2.135000	0.181494
2.145000	0.180052
2.155000	0.178399
2.165000	0.175584
2.175000	0.180334
2.185000	0.178498
2.195000	0.176369
2.205000	0.176585
2.215000	0.180171
2.225000	0.180932
2.235000	0.178918
2.245000	0.181383
2.255000	0.181899
2.265000	0.182676
2.275000	0.178754
2.285000	0.180353
2.295000	0.181696
2.305000	0.179006
2.315000	0.183215
2.325000	0.182427
2.335000	0.180616
2.345000	0.178365
2.355000	0.185261
2.365000	0.184495
2.375000	0.186536
2.386000	0.193993
2.400000	0.191595
2.418000	0.190593
2.440000	0.194820
2.466000	0.195567
2.496000	0.203130
2.528000	0.203127
2.560000	0.206631
2.592000	0.211189
2.597271	0.211162
2.598573	0.209920
2.599876	0.210315
2.601181	0.211049
2.602487	0.211896
2.603794	0.213194
2.605102	0.215000
2.606412	0.214323
2.607723	0.212855
2.609035	0.212573
2.610349	0.211839
2.611664	0.211275
2.612981	0.211670
2.614299	0.211444
2.615618	0.213476
2.616938	0.215282
2.618260	0.213589
2.619583	0.214605
2.620907	0.214774
2.622233	0.212008
2.623560	0.211388
2.624888	0.212347
2.626217	0.214661
2.627548	0.213645
2.628881	0.213984
2.630215	0.216524
2.631550	0.214549
2.632886	0.213137
2.634224	0.213363
2.635564	0.212291
2.636904	0.212008
2.638246	0.211896
2.639590	0.212121
2.640934	0.212291
2.642280	0.212573
2.643628	0.212686
2.644976	0.213589
2.646327	0.213420
2.647678	0.212573
2.649031	0.212121
2.650386	0.212573
2.651741	0.213533
2.653098	0.213250
2.654457	0.212855
2.655817	0.213137
2.657177	0.212065
2.658540	0.212855
2.659904	0.213363
2.661270	0.212912
2.662637	0.212799
2.664005	0.215282
2.665375	0.217709
2.666745	0.217145
2.668118	0.214492
2.669492	0.216468
2.670867	0.216693
2.672244	0.211670
2.673622	0.210372
2.675002	0.211613
2.676383	0.212912
2.677765	0.212291
2.679150	0.211218
2.680535	0.208340
2.681922	0.206816
2.683310	0.206703
2.684700	0.205799
2.686090	0.205122
2.687483	0.204163
2.688877	0.202808
2.690272	0.201453
2.691669	0.201115
2.693067	0.202356
2.694467	0.201961
2.695868	0.199365
2.697270	0.196542
2.698674	0.194510
2.700080	0.193833
2.701487	0.192535
2.702896	0.189825
2.704306	0.187342
2.705717	0.185141
2.707130	0.182883
2.708544	0.181189
2.709960	0.179327
2.711378	0.174980
2.712797	0.168489
2.714217	0.163353
2.715639	0.157539
2.717062	0.150144
2.718487	0.143597
2.719913	0.141508
2.721341	0.138912
2.722770	0.136710
2.724200	0.136259
2.725633	0.133324
2.727067	0.127792
2.728502	0.121470
2.729939	0.116277
2.731377	0.114527
2.732817	0.115431
2.734258	0.116616
2.735701	0.116052
2.737146	0.115035
2.738592	0.115374
2.740039	0.114584
2.741488	0.110633
2.742939	0.106230
2.744391	0.104762
2.745844	0.105440
2.747299	0.105948
2.748756	0.105553
2.750214	0.104932
2.751674	0.104480
2.753135	0.104367
2.754598	0.105214
2.756062	0.104650
2.757528	0.102222
2.758996	0.100981
2.760465	0.101319
2.761936	0.102561
2.763408	0.103069
2.764882	0.102674
2.766357	0.102730
2.767834	0.103013
2.769313	0.103069
2.770793	0.103408
2.772275	0.103408
2.773758	0.103238
2.775243	0.103351
2.776730	0.103577
2.778218	0.103690
2.779707	0.104085
2.781199	0.104480
2.782691	0.104480
2.784185	0.104593
2.785681	0.105214
2.787179	0.105948
2.788678	0.105778
2.790179	0.105214
2.791682	0.104988
2.793186	0.105327
2.794692	0.105496
2.796200	0.105496
2.797709	0.105496
2.799219	0.105553
2.800731	0.105778
2.802245	0.106286
2.803761	0.106343
2.805278	0.105948
2.806797	0.105778
2.808318	0.105778
2.809840	0.105722
2.811363	0.105609
2.812889	0.105722
2.814416	0.106061
2.815945	0.105891
2.817475	0.105722
2.819007	0.105835
2.820540	0.105835
2.822076	0.105609
2.823613	0.105609
2.825152	0.105722
2.826692	0.105778
2.828234	0.105948
2.829778	0.105778
2.831324	0.105778
2.832871	0.106004
2.834420	0.106004
2.835971	0.106004
2.837523	0.106061
2.839077	0.106117
2.840632	0.106117
2.842190	0.106061
2.843749	0.105948
2.845310	0.106061
2.846872	0.105948
2.848437	0.105891
2.850003	0.105891
2.851570	0.105778
2.853140	0.105722
2.854711	0.105778
2.856283	0.105778
2.857857	0.105778
2.859434	0.105609
2.861012	0.105383
2.862592	0.105270
2.864173	0.105158
2.865757	0.105101
2.867342	0.105101
2.868929	0.105158
2.870517	0.105214
2.872108	0.105270
2.873699	0.105270
2.875293	0.105270
2.876889	0.105383
2.878486	0.105496
2.880085	0.105496
2.881686	0.105553
2.883289	0.105722
2.884893	0.105609
2.886499	0.105440
2.888107	0.105553
2.889717	0.105553
2.891329	0.105609
2.892942	0.105609
2.894558	0.105496
2.896175	0.105609
2.897794	0.105722
2.899415	0.105722
2.901037	0.105778
2.902662	0.105778
2.904288	0.105778
2.905916	0.105891
2.907546	0.105835
2.909178	0.105553
2.910811	0.105496
2.912446	0.105609
2.914083	0.105778
2.915722	0.105948
2.917363	0.105891
2.919006	0.105948
2.920650	0.105948
2.922296	0.106004
2.923944	0.106117
2.925594	0.106230
2.927246	0.106286
2.928900	0.106343
2.930556	0.106343
2.932213	0.106286
2.933873	0.106399
2.935534	0.106738
2.937198	0.106738
2.938863	0.106851
2.940530	0.107246
2.942199	0.107359
2.943869	0.107472
2.945542	0.107585
2.947217	0.107867
2.948893	0.108149
2.950572	0.108093
2.952252	0.108319
2.953934	0.108714
2.955618	0.108939
2.957304	0.108939
2.958992	0.109109
2.960681	0.109391
2.962373	0.109560
2.964067	0.109843
2.965763	0.110351
2.967460	0.110746
2.969160	0.110971
2.970861	0.111141
2.972565	0.111423
2.974271	0.111705
2.975978	0.111931
2.977687	0.112383
2.979398	0.112778
2.981112	0.113003
2.982827	0.113060
2.984544	0.113342
2.986264	0.113850
2.987985	0.114189
2.989709	0.114471
2.991434	0.114979
2.993161	0.115318
2.994890	0.115600
2.996621	0.116052
2.998354	0.116447
3.000089	0.116729
3.001826	0.117237
3.003565	0.117632
3.005306	0.117971
3.007050	0.118422
3.008795	0.118930
3.010542	0.119212
3.012291	0.119551
3.014043	0.120172
3.015796	0.120624
3.017552	0.120962
3.019309	0.121244
3.021069	0.121583
3.022830	0.122148
3.024594	0.122486
3.026360	0.122881
3.028127	0.123333
3.029897	0.123502
3.031669	0.123954
3.033443	0.124518
3.035219	0.124913
3.036998	0.125083
3.038778	0.125309
3.040560	0.125817
3.042344	0.126099
3.044130	0.126381
3.045919	0.126776
3.047709	0.127058
3.049502	0.127171
3.051297	0.127510
3.053094	0.127905
3.054893	0.128244
3.056694	0.128469
3.058498	0.128808
3.060303	0.129147
3.062111	0.129429
3.063921	0.129485
3.065733	0.129711
3.067547	0.130106
3.069363	0.130276
3.071181	0.130501
3.073001	0.130897
3.074824	0.131292
3.076649	0.131630
3.078476	0.131800
3.080305	0.132026
3.082136	0.132364
3.083970	0.132590
3.085805	0.132929
3.087644	0.133324
3.089484	0.133719
3.091326	0.134001
3.093171	0.134340
3.095017	0.134566
3.096866	0.134904
3.098717	0.135412
3.100570	0.135694
3.102426	0.135977
3.104284	0.136541
3.106144	0.136936
3.108006	0.137218
3.109871	0.137444
3.111737	0.137783
3.113606	0.138234
3.115477	0.138630
3.117350	0.139025
3.119226	0.139476
3.121104	0.139984
3.122984	0.140492
3.124866	0.140775
3.126751	0.141283
3.128638	0.141847
3.130527	0.142242
3.132419	0.142694
3.134313	0.143089
3.136209	0.143540
3.138108	0.144105
3.140008	0.144613
3.141912	0.145121
3.143817	0.145572
3.145725	0.145855
3.147635	0.146306
3.149547	0.146927
3.151462	0.147379
3.153378	0.148000
3.155298	0.148508
3.157219	0.148903
3.159143	0.149354
3.161070	0.149693
3.162998	0.150144
3.164929	0.150878
3.166862	0.151443
3.168798	0.152007
3.170736	0.152346
3.172677	0.152854
3.174619	0.153305
3.176565	0.153813
3.178513	0.154265
3.180463	0.154717
3.182415	0.155225
3.184370	0.155620
3.186327	0.156184
3.188287	0.156805
3.190248	0.157426
3.192213	0.157765
3.194180	0.158160
3.196149	0.158668
3.198121	0.159345
3.200095	0.159797
3.202072	0.160248
3.204051	0.160756
3.206032	0.161208
3.208016	0.161603
3.210002	0.162054
3.211991	0.162675
3.213982	0.163183
3.215976	0.163804
3.217972	0.164312
3.219971	0.164651
3.221972	0.165272
3.223976	0.165780
3.225982	0.166175
3.227991	0.166626
3.230002	0.167078
3.232016	0.167642
3.234032	0.168150
3.236051	0.168489
3.238072	0.168771
3.240096	0.169223
3.242123	0.169731
3.244152	0.170183
3.246183	0.170521
3.248217	0.170860
3.250253	0.171311
3.252293	0.171763
3.254334	0.172102
3.256378	0.172384
3.258425	0.172723
3.260474	0.173287
3.262526	0.173682
3.264580	0.173908
3.266638	0.174303
3.268697	0.174698
3.270760	0.175037
3.272825	0.175432
3.274892	0.175714
3.276962	0.176053
3.279035	0.176392
3.281110	0.176617
3.283188	0.176900
3.285269	0.177351
3.287352	0.177690
3.289438	0.178028
3.291526	0.178367
3.293617	0.178819
3.295711	0.179044
3.297807	0.179214
3.299906	0.179496
3.302008	0.179948
3.304113	0.180343
3.306220	0.180512
3.308330	0.180681
3.310443	0.181020
3.312558	0.181246
3.314676	0.181528
3.316797	0.181810
3.318920	0.182036
3.321046	0.182262
3.323175	0.182657
3.325307	0.182996
3.327442	0.183334
3.329579	0.183617
3.331719	0.183842
3.333861	0.183899
3.336007	0.184068
3.338155	0.184350
3.340306	0.184802
3.342458	0.185028
3.344615	0.185141
3.346774	0.185366
3.348936	0.185479
3.351101	0.185705
3.353268	0.186100
3.355439	0.186269
3.357612	0.186439
3.359789	0.186552
3.361968	0.186721
3.364149	0.186890
3.366334	0.187003
3.368521	0.187285
3.370711	0.187568
3.372904	0.187793
3.375100	0.188019
3.377300	0.188301
3.379501	0.188527
3.381706	0.188697
3.383913	0.188753
3.386123	0.188979
3.388336	0.189261
3.390553	0.189600
3.392771	0.189995
3.394992	0.190277
3.397217	0.190446
3.399445	0.190616
3.401675	0.190842
3.403909	0.190898
3.406146	0.190954
3.408385	0.191011
3.410627	0.191293
3.412873	0.191575
3.415121	0.191858
3.417372	0.192083
3.419626	0.192366
3.421884	0.192591
3.424144	0.192986
3.426407	0.193325
3.428673	0.193664
3.430943	0.193946
3.433215	0.194059
3.435490	0.194228
3.437768	0.194398
3.440049	0.194623
3.442333	0.194849
3.444621	0.195188
3.446911	0.195583
3.449204	0.195752
3.451500	0.195978
3.453800	0.196260
3.456102	0.196373
3.458408	0.196373
3.460716	0.196599
3.463028	0.196938
3.465343	0.197163
3.467662	0.197220
3.469983	0.197389
3.472307	0.197558
3.474634	0.197671
3.476965	0.197784
3.479298	0.198010
3.481635	0.198236
3.483975	0.198292
3.486317	0.198292
3.488663	0.198349
3.491012	0.198405
3.493365	0.198462
3.495720	0.198631
3.498079	0.198857
3.500441	0.199026
3.502806	0.199252
3.505175	0.199478
3.507547	0.199647
3.509921	0.199703
3.512299	0.199816
3.514681	0.200099
3.517065	0.200381
3.519453	0.200663
3.521844	0.200832
3.524238	0.200945
3.526636	0.201115
3.529036	0.201284
3.531440	0.201510
3.533848	0.201735
3.536258	0.201735
3.538672	0.201792
3.541089	0.201848
3.543509	0.202131
3.545932	0.202413
3.548359	0.202526
3.550790	0.202582
3.553223	0.202639
3.555660	0.202639
3.558101	0.202751
3.560545	0.202921
3.562992	0.203034
3.565443	0.203147
3.567896	0.203147
3.570354	0.203259
3.572814	0.203316
3.575278	0.203429
3.577746	0.203429
3.580216	0.203542
3.582691	0.203655
3.585169	0.203655
3.587650	0.203711
3.590135	0.204050
3.592623	0.204219
3.595114	0.204275
3.597609	0.204106
3.600107	0.204163
3.602608	0.204219
3.605114	0.204275
3.607622	0.204332
3.610135	0.204501
3.612650	0.204501
3.615170	0.204501
3.617692	0.204614
3.620219	0.204614
3.622749	0.204671
3.625283	0.204783
3.627819	0.204896
3.630360	0.204896
3.632904	0.204896
3.635452	0.204953
3.638003	0.205066
3.640558	0.205179
3.643116	0.205122
3.645679	0.205235
3.648244	0.205291
3.650813	0.205291
3.653386	0.205291
3.655962	0.205348
3.658543	0.205348
3.661126	0.205348
3.663713	0.205517
3.666304	0.205574
3.668898	0.205461
3.671497	0.205517
3.674099	0.205461
3.676705	0.205517
3.679314	0.205461
3.681927	0.205517
3.684544	0.205517
3.687165	0.205574
3.689789	0.205574
3.692417	0.205574
3.695049	0.205574
3.697685	0.205630
3.700324	0.205630
3.702967	0.205687
3.705615	0.205743
3.708265	0.205743
3.710920	0.205799
3.713578	0.205856
3.716240	0.205799
3.718906	0.205743
3.721576	0.205799
3.724249	0.205799
3.726926	0.205799
3.729607	0.205912
3.732292	0.206025
3.734981	0.206195
3.737674	0.206195
3.740371	0.206082
3.743071	0.206025
3.745776	0.206195
3.748485	0.206251
3.751197	0.206251
3.753913	0.206308
3.756634	0.206364
3.759358	0.206251
3.762086	0.206251
3.764818	0.206420
3.767554	0.206477
3.770293	0.206477
3.773037	0.206533
3.775785	0.206420
3.778537	0.206364
3.781293	0.206477
3.784053	0.206477
3.786817	0.206420
3.789586	0.206533
3.792358	0.206590
3.795134	0.206477
3.797915	0.206533
3.800699	0.206533
3.803488	0.206420
3.806280	0.206420
3.809077	0.206533
3.811877	0.206590
3.814683	0.206590
3.817492	0.206533
3.820305	0.206364
3.823123	0.206308
3.825944	0.206308
3.828770	0.206308
3.831600	0.206195
3.834434	0.206195
3.837271	0.206195
3.840113	0.206138
3.842960	0.206082
3.845811	0.206251
3.848666	0.206195
3.851525	0.206025
3.854389	0.205912
3.857257	0.205856
3.860130	0.205799
3.863006	0.205856
3.865887	0.205799
3.868772	0.205743
3.871661	0.205687
3.874554	0.205743
3.877452	0.205743
3.880355	0.205743
3.883262	0.205630
3.886173	0.205630
3.889088	0.205630
3.892008	0.205687
3.894932	0.205574
3.897861	0.205517
3.900793	0.205517
3.903731	0.205574
3.906672	0.205517
3.909618	0.205404
3.912569	0.205235
3.915524	0.205122
3.918483	0.205122
3.921447	0.205122
3.924416	0.205009
3.927389	0.204896
3.930367	0.204840
3.933349	0.204727
3.936336	0.204671
3.939327	0.204614
3.942322	0.204445
3.945323	0.204388
3.948327	0.204275
3.951337	0.203993
3.954351	0.203937
3.957370	0.203937
3.960393	0.203711
3.963421	0.203542
3.966453	0.203429
3.969490	0.203485
3.972532	0.203485
3.975579	0.203429
3.978629	0.203372
3.981685	0.203316
3.984745	0.203203
3.987810	0.203090
3.990880	0.203034
3.993955	0.203034
3.997034	0.202977
4.000118	0.202864
