 s07_M3t Record=20: M3 Bandpass TARGET 2011t3 micron 256ch  
 1.2310000e-002
 1.2300001e-002
 1.2300001e-002
 1.2290000e-002
 1.2290000e-002
 1.2279999e-002
 1.2279999e-002
 1.2270000e-002
 1.2270000e-002
 1.2260000e-002
 1.2260000e-002
 1.2260000e-002
 1.2250000e-002
 1.2250000e-002
 1.2250000e-002
 1.2240000e-002
 1.2240000e-002
 1.2240000e-002
 1.2240000e-002
 1.2230000e-002
 1.2230000e-002
 1.2230000e-002
 1.2230000e-002
 1.2230000e-002
 1.2220000e-002
 1.2220000e-002
 1.2220000e-002
 1.2220000e-002
 1.2220000e-002
 1.2220000e-002
 1.2220000e-002
 1.2220000e-002
 1.2220000e-002
 1.2220000e-002
 1.2220000e-002
 1.2220000e-002
 1.2220000e-002
 1.2220000e-002
 1.2220000e-002
 1.2220000e-002
 1.2220000e-002
 1.2230000e-002
 1.2230000e-002
 1.2230000e-002
 1.2230000e-002
 1.2230000e-002
 1.2230000e-002
 1.2240000e-002
 1.2240000e-002
 1.2240000e-002
 1.2240000e-002
 1.2240000e-002
 1.2250000e-002
 1.2250000e-002
 1.2250000e-002
 1.2260000e-002
 1.2260000e-002
 1.2260000e-002
 1.2260000e-002
 1.2270000e-002
 1.2270000e-002
 1.2270000e-002
 1.2279999e-002
 1.2279999e-002
 1.2290000e-002
 1.2290000e-002
 1.2290000e-002
 1.2300001e-002
 1.2300001e-002
 1.2310000e-002
 1.2310000e-002
 1.2310000e-002
 1.2320001e-002
 1.2320001e-002
 1.2330000e-002
 1.2330000e-002
 1.2340000e-002
 1.2340000e-002
 1.2350000e-002
 1.2350000e-002
 1.2360001e-002
 1.2360001e-002
 1.2370000e-002
 1.2370000e-002
 1.2380000e-002
 1.2380000e-002
 1.2390001e-002
 1.2390001e-002
 1.2399999e-002
 1.2399999e-002
 1.2410000e-002
 1.2410000e-002
 1.2420001e-002
 1.2420001e-002
 1.2429999e-002
 1.2429999e-002
 1.2440000e-002
 1.2450000e-002
 1.2450000e-002
 1.2460000e-002
 1.2460000e-002
 1.2469999e-002
 1.2469999e-002
 1.2479999e-002
 1.2479999e-002
 1.2490000e-002
 1.2500000e-002
 1.2500000e-002
 1.2510000e-002
 1.2510000e-002
 1.2520000e-002
 1.2520000e-002
 1.2530000e-002
 1.2530000e-002
 1.2540000e-002
 1.2550000e-002
 1.2550000e-002
 1.2560001e-002
 1.2560001e-002
 1.2569999e-002
 1.2569999e-002
 1.2580000e-002
 1.2580000e-002
 1.2590000e-002
 1.2590000e-002
 1.2600000e-002
 1.2600000e-002
 1.2610001e-002
 1.2610001e-002
 1.2620001e-002
 1.2620001e-002
 1.2630000e-002
 1.2630000e-002
 1.2640000e-002
 1.2640000e-002
 1.2650001e-002
 1.2650001e-002
 1.2660000e-002
 1.2660000e-002
 1.2670000e-002
 1.2670000e-002
 1.2680001e-002
 1.2680001e-002
 1.2680001e-002
 1.2690000e-002
 1.2690000e-002
 1.2700000e-002
 1.2700000e-002
 1.2700000e-002
 1.2710000e-002
 1.2710000e-002
 1.2710000e-002
 1.2720000e-002
 1.2720000e-002
 1.2720000e-002
 1.2730000e-002
 1.2730000e-002
 1.2730000e-002
 1.2740000e-002
 1.2740000e-002
 1.2740000e-002
 1.2740000e-002
 1.2750000e-002
 1.2750000e-002
 1.2750000e-002
 1.2750000e-002
 1.2760000e-002
 1.2760000e-002
 1.2760000e-002
 1.2760000e-002
 1.2760000e-002
 1.2760000e-002
 1.2760000e-002
 1.2760000e-002
 1.2770000e-002
 1.2770000e-002
 1.2770000e-002
 1.2770000e-002
 1.2770000e-002
 1.2770000e-002
 1.2770000e-002
 1.2770000e-002
 1.2770000e-002
 1.2770000e-002
 1.2770000e-002
 1.2770000e-002
 1.2760000e-002
 1.2760000e-002
 1.2760000e-002
 1.2760000e-002
 1.2760000e-002
 1.2760000e-002
 1.2750000e-002
 1.2750000e-002
 1.2750000e-002
 1.2750000e-002
 1.2740000e-002
 1.2740000e-002
 1.2740000e-002
 1.2740000e-002
 1.2730000e-002
 1.2730000e-002
 1.2720000e-002
 1.2720000e-002
 1.2720000e-002
 1.2710000e-002
 1.2710000e-002
 1.2700000e-002
 1.2700000e-002
 1.2690000e-002
 1.2690000e-002
 1.2680001e-002
 1.2670000e-002
 1.2670000e-002
 1.2660000e-002
 1.2650001e-002
 1.2650001e-002
 1.2640000e-002
 1.2630000e-002
 1.2630000e-002
 1.2620001e-002
 1.2610001e-002
 1.2600000e-002
 1.2590000e-002
 1.2580000e-002
 1.2580000e-002
 1.2569999e-002
 1.2560001e-002
 1.2550000e-002
 1.2540000e-002
 1.2530000e-002
 1.2520000e-002
 1.2510000e-002
 1.2500000e-002
 1.2479999e-002
 1.2469999e-002
 1.2460000e-002
 1.2450000e-002
 1.2440000e-002
 1.2420001e-002
 1.2410000e-002
 1.2399999e-002
 1.2380000e-002
 1.2370000e-002
 1.2360001e-002
 1.2340000e-002
 1.2330000e-002
 1.2310000e-002
 1.2300001e-002
 1.2279999e-002
 1.2270000e-002
 1.2250000e-002
 1.2230000e-002
 1.2220000e-002
 1.2200000e-002
 1.2180001e-002
